	Control	15c	15c	Control	15an	15a	15an	15a
ENSG00000162591.13	1301	15984	3564	1521	22563	7023	10908	4788
ENSG00000132879.11	16	195	24	25	359	230	94	228
ENSG00000162692.8	130	1506	293	324	2256	1041	1398	674
ENSG00000174502.16	45	2	0	82	0	0	0	0
ENSG00000117724.10	964	550	120	988	564	649	400	504
ENSG00000138061.9	1004	27693	4879	1434	42352	12522	22345	9624
ENSG00000232973.9	8	795	153	27	1072	243	646	180
ENSG00000115904.10	575	4539	717	697	7985	2351	4406	1847
ENSG00000168874.10	298	1357	763	503	3909	1848	1603	802
ENSG00000138411.8	12	262	158	17	532	152	269	81
ENSG00000241635.5	175	1649	244	139	2010	739	1063	513
ENSG00000114812.10	10	405	54	0	783	170	479	63
ENSG00000154165.4	0	282	85	4	517	90	282	138
ENSG00000047457.11	1120	1104	276	1294	1395	979	736	585
ENSG00000163659.10	259	2463	481	252	4874	1485	1986	618
ENSG00000196542.6	386	387	112	487	473	312	181	156
ENSG00000180801.12	534	334	87	774	455	457	157	194
ENSG00000225138.5	362	3298	630	554	4291	1662	1927	1196
ENSG00000066230.8	87	520	163	32	680	361	355	274
ENSG00000112769.16	87	740	187	116	1100	464	627	379
ENSG00000165272.12	320	2552	561	321	4346	1375	2039	797
ENSG00000186193.8	839	723	201	1104	1208	832	437	481
ENSG00000197142.8	162	756	178	136	1523	594	530	431
ENSG00000182704.7	649	4606	975	1068	6971	2889	3404	1930
ENSG00000089127.10	201	2519	739	392	4064	1096	1858	891
ENSG00000188549.10	232	1237	442	405	2370	1110	746	701
ENSG00000186417.11	229	1423	307	308	2940	1272	1234	764
ENSG00000140465.11	47	17914	3818	126	35587	7398	17179	6922
ENSG00000179889.16	10	86	74	17	286	236	315	129
ENSG00000169627.7	128	23	2	139	11	6	20	5
ENSG00000103257.6	2628	20651	4002	3137	46556	10372	17656	6642
ENSG00000108602.15	2413	12627	4783	3170	32688	13471	9010	6222
ENSG00000060566.11	251	3493	803	535	4114	1983	3266	1530
ENSG00000105088.6	2	92	51	7	426	110	162	83
ENSG00000099337.3	39	900	104	57	973	388	658	285
ENSG00000019186.7	450	1511	281	723	3428	1809	2632	1537
ENSG00000100196.8	8	205	34	16	238	117	238	95
ENSG00000188064.7	211	892	235	183	1972	921	1117	587
ENSG00000186951.14	206	1352	439	296	1990	939	1153	594
ENSG00000102312.18	72	839	228	204	1275	511	587	405
ENSG00000117399.11	363	302	117	531	636	593	226	401
ENSG00000142945.10	297	226	50	488	481	412	139	254
ENSG00000117226.9	64	415	103	79	773	273	274	208
ENSG00000203814.6	576	605	131	787	1078	729	296	492
ENSG00000143401.12	966	629	221	969	1133	1114	607	825
ENSG00000143375.12	533	584	131	845	955	820	183	491
ENSG00000183856.8	1228	959	321	1654	1703	1526	560	1283
ENSG00000073756.9	142	1347	183	142	1260	363	1277	495
ENSG00000066279.14	719	503	82	757	617	710	277	589
ENSG00000118193.9	325	293	35	348	313	346	189	283
ENSG00000117650.10	438	304	67	381	425	314	142	231
ENSG00000092969.9	370	163	84	595	435	341	118	231
ENSG00000143815.12	301	313	55	388	360	424	189	329
ENSG00000171848.11	221	166	67	347	312	387	136	184
ENSG00000138029.11	197	1040	390	230	1565	785	452	347
ENSG00000115226.7	129	593	125	108	837	431	341	253
ENSG00000170485.14	144	1055	187	222	1400	421	908	434
ENSG00000115457.7	1128	1218	247	1535	1618	1440	669	818
ENSG00000178038.14	159	633	275	268	1364	558	628	376
ENSG00000114737.13	148	114	14	244	117	178	78	61
ENSG00000168237.15	1117	6719	1654	1731	9201	4169	4285	2838
ENSG00000144852.14	4	104	27	10	140	42	92	82
ENSG00000273033.2	0	221	72	12	205	45	96	30
ENSG00000163870.12	373	1529	450	434	3659	1048	1441	786
ENSG00000113810.13	403	353	80	460	420	561	265	286
ENSG00000114346.11	708	527	149	874	812	849	335	219
ENSG00000013810.16	764	774	184	879	1223	1026	410	512
ENSG00000124882.3	288	1352	387	350	2788	1019	1554	635
ENSG00000185477.4	36	16	2	182	32	36	2	24
ENSG00000145386.7	384	362	59	517	649	492	192	226
ENSG00000249609.1	0	63	8	0	33	28	32	6
ENSG00000164104.9	1015	888	293	1631	1596	1306	572	707
ENSG00000063438.14	60	343	92	41	561	222	268	60
ENSG00000113504.17	80	1171	147	210	1317	413	809	413
ENSG00000213949.6	248	244	68	560	402	260	229	213
ENSG00000171617.11	615	453	87	600	925	506	150	360
ENSG00000113368.9	292	321	110	655	685	644	194	340
ENSG00000164611.10	254	115	41	455	282	405	88	139
ENSG00000214357.6	116	70	8	306	67	100	8	82
ENSG00000161011.17	7625	53629	10194	11251	48655	25827	32342	23877
ENSG00000112312.7	194	85	31	266	174	282	49	191
ENSG00000274267.1	1056	853	200	1451	1648	1845	615	1041
ENSG00000196787.3	810	992	266	1467	1636	1661	456	681
ENSG00000185130.5	298	202	81	470	479	273	120	175
ENSG00000184357.4	1899	1481	634	2424	2365	2942	641	1364
ENSG00000203801.6	0	66	64	0	94	21	19	22
ENSG00000146477.5	167	646	286	242	1232	563	612	465
ENSG00000164638.8	241	209	22	300	270	287	117	196
ENSG00000226598.1	0	23	14	0	55	4	58	8
ENSG00000011426.8	696	584	159	738	924	732	338	463
ENSG00000146678.7	86	633	118	95	1112	282	454	169
ENSG00000105974.9	8262	7218	2407	10222	11750	9639	4088	4877
ENSG00000204876.4	4	216	64	30	281	22	174	66
ENSG00000184661.11	341	155	48	247	276	282	108	255
ENSG00000168077.11	228	131	19	302	290	149	78	129
ENSG00000170786.10	56	483	96	104	490	374	326	224
ENSG00000137563.9	400	193	108	448	605	473	169	287
ENSG00000156802.10	603	515	140	817	908	853	408	488
ENSG00000119125.14	764	5819	1003	1075	9431	2601	4227	1757
ENSG00000081377.14	235	1365	292	248	2026	694	744	639
ENSG00000119403.11	300	319	42	436	417	557	147	290
ENSG00000227218.5	81	663	110	115	1347	473	369	175
ENSG00000167106.9	2912	15539	3158	4283	23427	8991	11829	7064
ENSG00000160323.16	10	158	28	17	214	151	78	70
ENSG00000148426.10	84	642	200	179	1004	255	706	220
ENSG00000107984.7	551	418	85	642	636	535	214	265
ENSG00000138182.12	203	170	44	272	198	294	105	173
ENSG00000138180.13	398	408	36	616	530	439	247	355
ENSG00000148773.10	1893	1201	368	2080	2358	2377	554	1407
ENSG00000215182.8	340	2277	353	402	2762	818	2427	775
ENSG00000130600.13	1004	1053	177	1777	1302	895	1039	806
ENSG00000050165.15	366	198	76	383	477	355	94	251
ENSG00000168003.14	1105	5442	1452	1498	10455	3539	4232	2096
ENSG00000134955.9	83	598	101	60	831	233	419	216
ENSG00000151715.5	2	269	29	4	482	70	199	17
ENSG00000111665.9	384	261	111	451	520	356	200	344
ENSG00000135451.10	425	427	138	839	749	651	269	427
ENSG00000185432.11	120	58	3	185	109	93	18	37
ENSG00000166881.7	395	391	57	585	529	426	306	404
ENSG00000049130.11	389	288	110	548	688	601	145	431
ENSG00000120833.11	274	209	24	293	174	177	78	116
ENSG00000139354.8	350	318	54	398	405	326	164	201
ENSG00000280208.1	24	518	112	69	952	168	492	215
ENSG00000126787.10	284	186	49	300	304	322	134	124
ENSG00000156381.6	348	1509	626	417	2673	1202	1074	727
ENSG00000137804.10	363	370	54	640	697	485	175	393
ENSG00000137860.9	142	60	3	244	38	46	13	57
ENSG00000166825.11	335	1670	369	475	2512	1173	999	755
ENSG00000166851.12	665	457	186	807	963	750	384	523
ENSG00000174943.7	205	1061	245	259	1087	517	777	458
ENSG00000171241.6	400	136	75	398	437	542	143	285
ENSG00000103089.6	83	1268	250	245	1220	449	886	450
ENSG00000261253.2	0	31	16	0	103	2	17	20
ENSG00000186185.11	574	559	91	721	924	944	249	544
ENSG00000182481.6	713	585	155	695	1088	697	266	470
ENSG00000089685.12	895	450	251	1193	1258	1365	489	554
ENSG00000176890.13	212	171	47	317	271	372	124	192
ENSG00000276043.2	818	766	170	1035	964	1004	254	548
ENSG00000130513.6	341	1776	449	386	2339	966	1620	718
ENSG00000089639.8	181	932	227	224	972	554	608	385
ENSG00000105499.11	156	902	170	242	1346	580	742	406
ENSG00000125780.11	0	58	10	0	77	23	22	24
ENSG00000089057.12	351	1825	350	243	3038	994	1521	618
ENSG00000188559.11	182	1211	232	344	1984	837	1085	510
ENSG00000101003.9	547	455	128	578	743	691	208	285
ENSG00000088325.13	1443	1121	340	1707	1809	1525	768	1105
ENSG00000175063.14	501	411	118	586	635	657	346	351
ENSG00000101210.8	160	962	307	329	1909	738	654	418
ENSG00000275993.2	58	767	74	126	666	308	476	244
ENSG00000160181.6	12	311	38	20	192	120	211	63
ENSG00000185022.9	273	1568	231	290	1824	520	1407	549
ENSG00000159307.16	419	3028	647	772	5806	1426	2858	1522
ENSG00000101842.11	332	74	15	306	210	165	12	145
ENSG00000091513.12	38	0	0	112	26	4	20	0
ENSG00000038427.13	561	684	146	988	888	498	689	382
ENSG00000156510.12	378	1454	466	393	2252	1526	726	878
ENSG00000100422.11	169	764	225	202	1277	899	336	437
